major,minor,patch,linearized,count,avg_time,min_time,max_time
0,0,0,0.000000,19885,281096.293600,0.000000,124062452.000000
0,0,1,0.142857,67259,336522.289600,0.000000,123925285.000000
0,0,10,0.294118,5138,6878718.618300,0.000000,122681298.000000
0,0,11,0.297297,4285,7044923.590900,0.000000,130032014.000000
0,0,12,0.300000,3659,7422797.064800,0.000000,128710602.000000
0,0,13,0.302326,2976,7632068.773200,0.000000,128934688.000000
0,0,14,0.304348,2617,7925991.414600,0.000000,122702426.000000
0,0,15,0.306122,2275,8084804.111200,0.000000,123825149.000000
0,0,16,0.307692,1943,8521285.296400,0.000000,131784874.000000
0,0,17,0.309091,1726,8914967.786800,0.000000,132054456.000000
0,0,18,0.310345,1546,8957645.742600,0.000000,134127827.000000
0,0,19,0.311475,1395,8851191.622900,0.000000,122717841.000000
0,0,2,0.200000,45743,1562199.394200,0.000000,127239184.000000
0,0,20,0.312500,1304,9398724.040600,0.000000,122718637.000000
0,0,21,0.313433,1257,8881811.912500,0.000000,122725668.000000
0,0,22,0.314286,1104,9254842.653100,0.000000,122805314.000000
0,0,23,0.315068,1014,9552652.673600,0.000000,122855846.000000
0,0,24,0.315789,914,9585727.341400,0.000000,122857912.000000
0,0,25,0.316456,846,9965896.543700,0.000000,122859370.000000
0,0,26,0.317073,783,10100466.528700,0.000000,122860501.000000
0,0,27,0.317647,664,10603040.257500,0.000000,124623752.000000
0,0,28,0.318182,659,10524371.559900,0.000000,122871255.000000
0,0,29,0.318681,592,10789747.959500,0.000000,122877342.000000
0,0,3,0.230769,33172,2640339.260300,0.000000,138665887.000000
0,0,30,0.319149,579,10781839.678800,0.000000,122969518.000000
0,0,31,0.319588,603,10049296.049800,0.000000,123009918.000000
0,0,32,0.320000,546,11847904.723400,0.000000,123013115.000000
0,0,33,0.320388,433,12610309.981500,0.000000,123024537.000000
0,0,34,0.320755,398,12495355.356800,0.000000,123025042.000000
0,0,35,0.321101,377,12803978.214900,0.000000,123025110.000000
0,0,36,0.321429,352,13195323.193200,0.000000,123507622.000000
0,0,37,0.321739,315,13721343.349200,0.000000,123886110.000000
0,0,38,0.322034,287,14041798.515700,0.000000,126203652.000000
0,0,39,0.322314,258,14041777.116300,0.000000,126230018.000000
0,0,4,0.250000,24689,3575217.105000,0.000000,127236184.000000
0,0,40,0.322581,271,13274820.509200,0.000000,126369462.000000
0,0,41,0.322835,299,12022004.612000,0.000000,129089819.000000
0,0,42,0.323077,261,12794100.590000,0.000000,142735081.000000
0,0,43,0.323308,243,13378752.642000,0.000000,126878349.000000
0,0,44,0.323529,227,13791452.088100,904.000000,127311312.000000
0,0,45,0.323741,219,13216386.812800,0.000000,127311566.000000
0,0,46,0.323944,192,14508856.869800,90.000000,127345729.000000
0,0,47,0.324138,182,14300830.335200,0.000000,95358877.000000
0,0,48,0.324324,164,13433189.902400,8791.000000,81700961.000000
0,0,49,0.324503,160,13355747.706300,0.000000,81701671.000000
0,0,5,0.263158,19223,4401816.172300,0.000000,146195618.000000
0,0,50,0.324675,173,13562748.011600,439.000000,81704129.000000
0,0,51,0.324841,196,11984549.795900,0.000000,88809298.000000
0,0,52,0.325000,159,12958335.660400,387.000000,101283051.000000
0,0,53,0.325153,150,13764671.213300,0.000000,105181412.000000
0,0,54,0.325301,147,14450118.768700,407.000000,106388322.000000
0,0,55,0.325444,149,14500703.671100,0.000000,108633419.000000
0,0,56,0.325581,132,15310484.992400,0.000000,93901783.000000
0,0,57,0.325714,129,15709955.945700,70.000000,96438820.000000
0,0,58,0.325843,111,15837231.459500,0.000000,81822502.000000
0,0,6,0.272727,14859,5155059.472600,0.000000,137361825.000000
0,0,60,0.326087,107,16803871.588800,0.000000,97010886.000000
0,0,61,0.326203,126,13944814.523800,0.000000,104283241.000000
0,0,62,0.326316,115,15623366.713000,2995.000000,118377768.000000
0,0,63,0.326425,104,15768835.240400,2534.000000,118392215.000000
0,0,7,0.280000,11609,5583336.448700,0.000000,130032245.000000
0,0,8,0.285714,9382,5995533.235800,0.000000,122620925.000000
0,0,9,0.290323,7600,6455332.678400,0.000000,122627686.000000
0,1,0,0.333333,57850,2410330.787600,0.000000,146977296.000000
0,1,1,0.400000,36374,3496029.156100,0.000000,137351730.000000
0,1,10,0.478261,2476,10651716.577900,0.000000,111170866.000000
0,1,11,0.480000,2095,10671462.464400,0.000000,107994277.000000
0,1,12,0.481481,1746,10837682.729100,0.000000,122322004.000000
0,1,13,0.482759,1433,11018520.874400,0.000000,120237836.000000
0,1,14,0.483871,1258,11568516.509500,0.000000,122344708.000000
0,1,15,0.484848,1082,11884452.464000,0.000000,124585921.000000
0,1,16,0.485714,938,12126224.897700,0.000000,125754545.000000
0,1,17,0.486486,835,12761376.269500,0.000000,125754689.000000
0,1,18,0.487179,722,13403886.718800,0.000000,128622858.000000
0,1,19,0.487805,658,13323150.911900,0.000000,111633635.000000
0,1,2,0.428571,24406,4680856.203200,0.000000,127069002.000000
0,1,20,0.488372,602,13116771.838900,0.000000,111349479.000000
0,1,21,0.488889,584,12571809.650700,0.000000,113166715.000000
0,1,22,0.489362,533,12269731.129500,0.000000,108643049.000000
0,1,23,0.489796,471,12999267.923600,0.000000,108665705.000000
0,1,24,0.490196,417,13045429.352500,0.000000,108673263.000000
0,1,25,0.490566,386,12238513.870500,0.000000,92401830.000000
0,1,26,0.490909,336,12737702.366100,0.000000,92742848.000000
0,1,27,0.491228,313,12703258.207700,0.000000,92937554.000000
0,1,28,0.491525,279,12946386.078900,0.000000,100913740.000000
0,1,29,0.491803,250,12938581.756000,0.000000,111804603.000000
0,1,3,0.444444,17217,5611770.936900,0.000000,124801048.000000
0,1,30,0.492063,244,12493000.745900,0.000000,86737793.000000
0,1,31,0.492308,271,12385444.752800,0.000000,96095854.000000
0,1,32,0.492537,231,13390085.463200,331.000000,96959667.000000
0,1,33,0.492754,218,13089757.316500,0.000000,102774948.000000
0,1,34,0.492958,197,12301052.340100,0.000000,98863994.000000
0,1,35,0.493151,177,13551712.847500,2189.000000,90105328.000000
0,1,36,0.493333,161,14225535.956500,0.000000,98865819.000000
0,1,37,0.493506,155,15492251.354800,11569.000000,99301640.000000
0,1,38,0.493671,148,14360081.743200,0.000000,92351348.000000
0,1,39,0.493827,129,15144226.930200,347.000000,96070002.000000
0,1,4,0.454545,12682,6539933.156000,0.000000,128267534.000000
0,1,40,0.493976,132,14371909.462100,13239.000000,102207053.000000
0,1,41,0.494118,150,12012832.833300,174.000000,104107120.000000
0,1,42,0.494253,130,13033283.015400,1127.000000,105321533.000000
0,1,43,0.494382,115,13994487.582600,0.000000,106004367.000000
0,1,44,0.494505,108,13138149.148100,5913.000000,83893913.000000
0,1,45,0.494624,107,12090313.747700,0.000000,83597629.000000
0,1,46,0.494737,105,12949848.819000,0.000000,83598105.000000
0,1,5,0.461538,9837,7373346.781500,0.000000,128255601.000000
0,1,51,0.495238,100,11884216.470000,0.000000,70771813.000000
0,1,6,0.466667,7656,8060665.919900,0.000000,127420344.000000
0,1,7,0.470588,5828,8746371.226100,0.000000,120713131.000000
0,1,8,0.473684,4695,9269274.433400,0.000000,125101616.000000
0,1,9,0.476190,3718,9587308.058100,0.000000,125708181.000000
0,10,0,0.833333,1423,21434464.167300,0.000000,147646402.000000
0,10,1,0.837838,807,23278219.438700,0.000000,143594769.000000
0,10,2,0.840000,533,23185031.251400,0.000000,130117562.000000
0,10,3,0.841270,391,22507451.422000,0.000000,130195243.000000
0,10,4,0.842105,306,22936759.673200,0.000000,131220730.000000
0,10,5,0.842697,242,23596030.925600,0.000000,115505013.000000
0,10,6,0.843137,192,22292293.682300,1.000000,116636135.000000
0,10,7,0.843478,155,21685223.361300,0.000000,125400898.000000
0,10,8,0.843750,131,21365323.977100,0.000000,110718365.000000
0,10,9,0.843972,109,21949062.972500,0.000000,113052462.000000
0,11,0,0.846154,1023,22655219.964800,0.000000,130612852.000000
0,11,1,0.850000,543,23657270.427300,0.000000,125069138.000000
0,11,2,0.851852,353,23194390.784700,0.000000,132363876.000000
0,11,3,0.852941,234,22345530.824800,0.000000,132858661.000000
0,11,4,0.853659,172,23295150.267400,8.000000,141671291.000000
0,11,5,0.854167,136,21259764.205900,0.000000,99770851.000000
0,11,6,0.854545,115,20927922.660900,0.000000,83279351.000000
0,12,0,0.857143,813,23707820.049200,0.000000,128839276.000000
0,12,1,0.860465,423,25600680.357000,0.000000,130280261.000000
0,12,2,0.862069,271,23946113.922500,0.000000,130949699.000000
0,12,3,0.863014,192,26247757.104200,0.000000,130861954.000000
0,12,4,0.863636,141,25143408.007100,0.000000,122529199.000000
0,12,5,0.864078,112,24271685.187500,0.000000,90604503.000000
0,13,0,0.866667,581,24586575.101500,0.000000,121833559.000000
0,13,1,0.869565,294,25158507.384400,0.000000,110892402.000000
0,13,2,0.870968,197,24594242.264000,0.000000,109745499.000000
0,13,3,0.871795,136,26162503.404400,0.000000,111477269.000000
0,14,0,0.875000,499,24556332.843700,0.000000,129916668.000000
0,14,1,0.877551,241,25712431.257300,0.000000,129864170.000000
0,14,2,0.878788,162,25410873.524700,0.000000,142483314.000000
0,14,3,0.879518,104,24854334.500000,1819.000000,133470600.000000
0,15,0,0.882353,392,27221329.270400,0.000000,144471040.000000
0,15,1,0.884615,169,30578551.775100,4635.000000,145072148.000000
0,15,2,0.885714,102,31775743.911800,728042.000000,145809784.000000
0,16,0,0.888889,297,27266171.979800,0.000000,134349808.000000
0,16,1,0.890909,127,26320193.889800,0.000000,100993693.000000
0,17,0,0.894737,273,26370796.157500,0.000000,107441228.000000
0,17,1,0.896552,117,27743913.401700,0.000000,84419841.000000
0,18,0,0.900000,217,27172747.755800,0.000000,109375401.000000
0,18,1,0.901639,100,28127464.580000,0.000000,112737317.000000
0,19,0,0.904762,182,29753054.631900,0.000000,112469200.000000
0,2,0,0.500000,25918,7628482.917100,0.000000,135390020.000000
0,2,1,0.538462,15204,8933191.075900,0.000000,143667797.000000
0,2,10,0.586207,1049,16699056.372700,0.000000,119965687.000000
0,2,11,0.587302,898,17209188.224900,0.000000,117138058.000000
0,2,12,0.588235,733,17813167.970000,0.000000,119553634.000000
0,2,13,0.589041,619,17749658.693100,0.000000,121539193.000000
0,2,14,0.589744,518,18021215.739400,0.000000,121626933.000000
0,2,15,0.590361,469,18128752.690800,0.000000,122927142.000000
0,2,16,0.590909,405,18433548.484000,0.000000,125106312.000000
0,2,17,0.591398,351,18535013.868900,108.000000,118486764.000000
0,2,18,0.591837,312,18112413.679500,0.000000,119038526.000000
0,2,19,0.592233,273,18317260.963400,0.000000,121386070.000000
0,2,2,0.555556,9986,10036797.045100,0.000000,141526367.000000
0,2,20,0.592593,262,17918271.576300,0.000000,123805702.000000
0,2,21,0.592920,252,16638392.127000,0.000000,124249514.000000
0,2,22,0.593220,218,17996292.206400,386.000000,134964458.000000
0,2,23,0.593496,201,18103058.338300,0.000000,97803041.000000
0,2,24,0.593750,177,17181061.175100,0.000000,97511238.000000
0,2,25,0.593985,169,18240823.307700,0.000000,97581971.000000
0,2,26,0.594203,156,19400322.807700,16484.000000,97996620.000000
0,2,27,0.594406,154,19188811.272700,0.000000,98004154.000000
0,2,28,0.594595,142,19788631.436600,165479.000000,103663235.000000
0,2,29,0.594771,128,18437505.718800,0.000000,103675268.000000
0,2,3,0.565217,6976,10794756.757000,0.000000,138598217.000000
0,2,30,0.594937,120,18218455.550000,17015.000000,91774222.000000
0,2,31,0.595092,112,17953335.892900,3937.000000,92042804.000000
0,2,4,0.571429,5125,11892341.436500,0.000000,136692474.000000
0,2,5,0.575758,3913,12818642.398900,0.000000,145767399.000000
0,2,6,0.578947,3096,13487170.131500,0.000000,129129809.000000
0,2,7,0.581395,2425,14003180.662300,0.000000,132448732.000000
0,2,8,0.583333,1935,14431615.416000,0.000000,127861188.000000
0,2,9,0.584906,1585,15407383.330000,0.000000,134578687.000000
0,20,0,0.909091,157,27988743.847100,0.000000,113249462.000000
0,21,0,0.913043,127,26517471.440900,0.000000,114541347.000000
0,22,0,0.916667,109,24927387.752300,0.000000,114965342.000000
0,3,0,0.600000,14728,11028425.024500,0.000000,145593169.000000
0,3,1,0.625000,8432,12225666.172900,0.000000,145702881.000000
0,3,10,0.657143,626,18315044.036700,0.000000,125783913.000000
0,3,11,0.657895,516,18717153.354700,0.000000,124268092.000000
0,3,12,0.658537,420,19942854.309500,0.000000,128862983.000000
0,3,13,0.659091,358,19686785.793300,0.000000,127162219.000000
0,3,14,0.659574,306,20561816.542500,0.000000,112512146.000000
0,3,15,0.660000,260,21007356.576900,0.000000,130919149.000000
0,3,16,0.660377,229,20974131.519700,0.000000,131513985.000000
0,3,17,0.660714,191,19591382.052400,0.000000,88002240.000000
0,3,18,0.661017,179,20539043.614500,0.000000,92383158.000000
0,3,19,0.661290,171,21490871.362600,0.000000,93434868.000000
0,3,2,0.636364,5632,13388705.080300,0.000000,128390254.000000
0,3,20,0.661538,154,22070213.714300,1372.000000,94744776.000000
0,3,21,0.661765,141,22051398.574500,0.000000,102548610.000000
0,3,22,0.661972,120,22136791.575000,0.000000,102571996.000000
0,3,23,0.662162,115,23695396.739100,0.000000,102813111.000000
0,3,24,0.662338,109,23517668.559600,0.000000,105880072.000000
0,3,25,0.662500,101,24305880.673300,140.000000,107412337.000000
0,3,3,0.642857,3876,14502786.757000,0.000000,126823582.000000
0,3,4,0.647059,2796,15312444.290400,0.000000,126921666.000000
0,3,5,0.650000,2190,15798454.968500,0.000000,142165879.000000
0,3,6,0.652174,1699,16370345.313100,0.000000,128037014.000000
0,3,7,0.653846,1350,16933776.639300,0.000000,133746287.000000
0,3,8,0.655172,1098,17708557.407100,0.000000,116755863.000000
0,3,9,0.656250,943,17811209.772000,0.000000,124928574.000000
0,4,0,0.666667,9286,13737155.226000,0.000000,149570722.000000
0,4,1,0.684211,5362,15194453.491800,0.000000,146045765.000000
0,4,10,0.707317,405,21909686.402500,0.000000,136160978.000000
0,4,11,0.707865,344,22857865.209300,0.000000,137727815.000000
0,4,12,0.708333,291,22924480.357400,0.000000,139878829.000000
0,4,13,0.708738,240,22728968.295800,0.000000,99463971.000000
0,4,14,0.709091,186,21004861.311800,0.000000,115605364.000000
0,4,15,0.709402,161,20787276.422400,0.000000,115694062.000000
0,4,16,0.709677,134,20523023.044800,0.000000,99285804.000000
0,4,17,0.709924,120,21029397.408300,0.000000,106126376.000000
0,4,18,0.710145,100,19895594.160000,7067.000000,89267458.000000
0,4,2,0.692308,3602,15811128.826800,0.000000,146792235.000000
0,4,3,0.696970,2490,16647609.447800,0.000000,136104230.000000
0,4,4,0.700000,1845,17582630.661800,0.000000,140128710.000000
0,4,5,0.702128,1447,17858963.142400,0.000000,138456005.000000
0,4,6,0.703704,1099,18677022.444900,0.000000,143618468.000000
0,4,7,0.704918,877,20048928.482300,0.000000,133817021.000000
0,4,8,0.705882,724,20912911.808000,0.000000,135669482.000000
0,4,9,0.706667,600,20811129.798300,0.000000,143503081.000000
0,5,0,0.714286,6768,15093897.273500,0.000000,136697533.000000
0,5,1,0.727273,3953,16076163.433100,0.000000,143879391.000000
0,5,10,0.744681,293,21649377.068300,0.000000,145416023.000000
0,5,11,0.745098,246,22030224.300800,0.000000,145443676.000000
0,5,12,0.745455,199,23438100.849200,0.000000,145490738.000000
0,5,13,0.745763,163,23633924.263800,0.000000,138157320.000000
0,5,14,0.746032,149,22227796.181200,0.000000,92573904.000000
0,5,15,0.746269,134,23258914.679100,207.000000,93671030.000000
0,5,16,0.746479,114,23762390.114000,0.000000,94619961.000000
0,5,2,0.733333,2701,16549061.340600,0.000000,137586479.000000
0,5,3,0.736842,1933,17791577.576300,0.000000,137597718.000000
0,5,4,0.739130,1441,18016623.571100,0.000000,137598673.000000
0,5,5,0.740741,1147,17831744.524800,0.000000,137602627.000000
0,5,6,0.741935,894,18123473.416100,0.000000,137605643.000000
0,5,7,0.742857,685,19165744.529900,0.000000,137710189.000000
0,5,8,0.743590,549,19300932.163900,0.000000,129890645.000000
0,5,9,0.744186,440,19399943.493200,0.000000,137859846.000000
0,6,0,0.750000,4518,17531922.628600,0.000000,146018496.000000
0,6,1,0.760000,2607,18761664.085200,0.000000,146560689.000000
0,6,10,0.773585,221,24496270.787300,0.000000,107425148.000000
0,6,11,0.773913,183,25082878.868900,247.000000,104159631.000000
0,6,12,0.774194,152,25299075.361800,0.000000,106885590.000000
0,6,13,0.774436,130,27209660.430800,0.000000,121585898.000000
0,6,14,0.774648,117,27340419.213700,0.000000,110880806.000000
0,6,15,0.774834,103,26947028.747600,0.000000,119589894.000000
0,6,2,0.764706,1775,19928715.737500,0.000000,122665901.000000
0,6,3,0.767442,1240,20523786.889500,0.000000,134522159.000000
0,6,4,0.769231,946,21659125.135300,0.000000,130534544.000000
0,6,5,0.770492,777,22239610.768300,0.000000,132003971.000000
0,6,6,0.771429,611,22004124.139100,0.000000,133640887.000000
0,6,7,0.772152,485,21681911.288700,0.000000,115883839.000000
0,6,8,0.772727,388,22151203.600500,0.000000,121989578.000000
0,6,9,0.773196,325,22871337.301500,0.000000,122268448.000000
0,7,0,0.777778,3255,19333537.211700,0.000000,141371914.000000
0,7,1,0.785714,1878,21308430.260900,0.000000,142178448.000000
0,7,10,0.796610,150,24725160.020000,0.000000,121480692.000000
0,7,11,0.796875,124,26583511.935500,0.000000,122105674.000000
0,7,12,0.797101,106,25946477.934000,547.000000,122120198.000000
0,7,2,0.789474,1290,21014824.288400,0.000000,139530250.000000
0,7,3,0.791667,919,22199605.721400,0.000000,131999003.000000
0,7,4,0.793103,654,23448447.568800,0.000000,119429387.000000
0,7,5,0.794118,534,23234775.537500,0.000000,120974412.000000
0,7,6,0.794872,413,24732044.903100,0.000000,121380448.000000
0,7,7,0.795455,332,25389006.906600,0.000000,132894327.000000
0,7,8,0.795918,261,25964213.203100,0.000000,121466102.000000
0,7,9,0.796296,228,25538268.464900,0.000000,121475203.000000
0,8,0,0.800000,2612,19353065.536000,0.000000,148807840.000000
0,8,1,0.806452,1583,20157282.348700,0.000000,134613369.000000
0,8,10,0.815385,194,20362311.371100,0.000000,112083068.000000
0,8,11,0.815603,170,20378654.764700,0.000000,112089747.000000
0,8,12,0.815789,150,18162561.480000,94541.000000,117304396.000000
0,8,13,0.815951,126,17272927.031700,0.000000,105700352.000000
0,8,14,0.816092,112,19200902.008900,0.000000,108979375.000000
0,8,15,0.816216,105,20280462.952400,180062.000000,134662703.000000
0,8,2,0.809524,1137,20603720.516300,0.000000,144440032.000000
0,8,3,0.811321,801,20591804.645400,0.000000,144440354.000000
0,8,4,0.812500,625,21322226.308800,0.000000,139444770.000000
0,8,5,0.813333,537,19939917.892000,0.000000,141105779.000000
0,8,6,0.813953,433,19599110.577400,0.000000,118619039.000000
0,8,7,0.814433,365,19173873.879500,0.000000,118623370.000000
0,8,8,0.814815,310,19726905.116100,0.000000,105769868.000000
0,8,9,0.815126,265,19740878.445300,0.000000,122049894.000000
0,9,0,0.818182,2616,15866685.423900,0.000000,144346512.000000
0,9,1,0.823529,1675,15651247.348700,0.000000,139615567.000000
0,9,10,0.830986,263,19196011.874500,0.000000,105485128.000000
0,9,11,0.831169,223,19311176.973100,0.000000,105649758.000000
0,9,12,0.831325,175,20641913.925700,0.000000,105649778.000000
0,9,13,0.831461,161,20166878.037300,0.000000,134123492.000000
0,9,14,0.831579,147,21953876.727900,0.000000,145344969.000000
0,9,15,0.831683,129,18876165.209300,0.000000,108307505.000000
0,9,16,0.831776,119,17926876.420200,0.000000,108754191.000000
0,9,2,0.826087,1278,16088567.929600,0.000000,140296179.000000
0,9,3,0.827586,969,16370129.471600,0.000000,139058639.000000
0,9,4,0.828571,743,16541010.293400,0.000000,132501913.000000
0,9,5,0.829268,639,16474395.585300,0.000000,132601197.000000
0,9,6,0.829787,539,17051666.346900,0.000000,121921944.000000
0,9,7,0.830189,472,19223971.375000,0.000000,131440668.000000
0,9,8,0.830508,405,18587909.471600,0.000000,108308528.000000
0,9,9,0.830769,368,18360757.418500,0.000000,102488952.000000
1,0,0,1.000000,47484,4908433.564700,0.000000,148129183.000000
1,0,1,1.142857,26561,5614724.698500,0.000000,147148169.000000
1,0,10,1.294118,1207,8468851.581600,0.000000,117125041.000000
1,0,11,1.297297,933,8831935.410500,0.000000,117163065.000000
1,0,12,1.300000,770,9000424.913000,0.000000,107290408.000000
1,0,13,1.302326,630,9169176.871400,0.000000,107378160.000000
1,0,14,1.304348,555,9111384.454100,0.000000,107730722.000000
1,0,15,1.306122,490,9688633.112200,0.000000,117764442.000000
1,0,16,1.307692,418,10725161.593300,0.000000,123511440.000000
1,0,17,1.309091,349,11821909.596000,0.000000,128343959.000000
1,0,18,1.310345,309,11347523.928800,0.000000,118542358.000000
1,0,19,1.311475,294,11234276.040800,0.000000,122945289.000000
1,0,2,1.200000,16282,6213851.512000,0.000000,139702036.000000
1,0,20,1.312500,255,12378228.984300,0.000000,127695132.000000
1,0,21,1.313433,251,11210461.008000,0.000000,127695423.000000
1,0,22,1.314286,228,10983152.859600,0.000000,81559311.000000
1,0,23,1.315068,211,11338432.180100,0.000000,99101415.000000
1,0,24,1.315789,187,11881132.155100,0.000000,99112274.000000
1,0,25,1.316456,175,11515713.617100,0.000000,99113787.000000
1,0,26,1.317073,156,12115487.403800,6497.000000,91998592.000000
1,0,27,1.317647,149,12652758.268500,0.000000,99123670.000000
1,0,28,1.318182,138,12387006.681200,6829.000000,99124768.000000
1,0,29,1.318681,117,11793105.769200,7040.000000,77075597.000000
1,0,3,1.230769,10592,6872761.672700,0.000000,141589355.000000
1,0,30,1.319149,120,11616096.683300,0.000000,99128770.000000
1,0,31,1.319588,126,10507318.587300,0.000000,99129702.000000
1,0,32,1.320000,112,10966197.312500,0.000000,99135607.000000
1,0,33,1.320388,100,10131000.370000,0.000000,79849432.000000
1,0,4,1.250000,7205,7205179.276300,0.000000,138042002.000000
1,0,5,1.263158,5184,7739607.879800,0.000000,138074733.000000
1,0,6,1.272727,3862,7938765.303200,0.000000,140105022.000000
1,0,7,1.280000,2896,8322627.185100,0.000000,146236783.000000
1,0,8,1.285714,2266,8343372.483200,0.000000,129274733.000000
1,0,9,1.290323,1753,7918842.732500,0.000000,123286560.000000
1,1,0,1.333333,14517,10430503.323800,0.000000,147151523.000000
1,1,1,1.400000,7398,10988937.155900,0.000000,147329493.000000
1,1,10,1.478261,282,13238825.099300,0.000000,113633915.000000
1,1,11,1.480000,229,14249426.148500,0.000000,91661335.000000
1,1,12,1.481481,190,13286434.284200,0.000000,88823181.000000
1,1,13,1.482759,155,14713969.445200,0.000000,89792862.000000
1,1,14,1.483871,124,14247420.580600,0.000000,84364395.000000
1,1,15,1.484848,119,13308290.521000,0.000000,96008292.000000
1,1,16,1.485714,104,13140008.326900,0.000000,84367681.000000
1,1,2,1.428571,4386,11183650.627700,0.000000,147329737.000000
1,1,3,1.444444,2742,11668593.705000,0.000000,145000951.000000
1,1,4,1.454545,1829,11768369.435800,0.000000,127969453.000000
1,1,5,1.461538,1333,12113231.611400,0.000000,127981161.000000
1,1,6,1.466667,999,12111776.667700,0.000000,133380438.000000
1,1,7,1.470588,736,12211715.520400,0.000000,135825126.000000
1,1,8,1.473684,586,12832500.846400,0.000000,138945238.000000
1,1,9,1.476190,465,13451928.810800,0.000000,112773156.000000
1,10,0,1.833333,318,23854071.327000,0.000000,148095839.000000
1,10,1,1.837838,193,25240219.756500,94.000000,127346609.000000
1,10,2,1.840000,152,22366880.092100,0.000000,124069848.000000
1,11,0,1.846154,229,25492661.052400,0.000000,141291364.000000
1,11,1,1.850000,151,24339241.311300,0.000000,129069120.000000
1,11,2,1.851852,110,23762160.481800,0.000000,140323912.000000
1,12,0,1.857143,188,25800772.404300,0.000000,130384967.000000
1,12,1,1.860465,118,23832155.279700,0.000000,123214027.000000
1,13,0,1.866667,124,28882743.048400,0.000000,136848841.000000
1,2,0,1.500000,7203,13548293.419300,0.000000,140518965.000000
1,2,1,1.538462,3724,14667793.742200,0.000000,140954502.000000
1,2,10,1.586207,157,19310448.267500,0.000000,81555958.000000
1,2,11,1.587302,127,20385394.787400,0.000000,125542627.000000
1,2,12,1.588235,104,20106890.673100,13578.000000,78009097.000000
1,2,2,1.555556,2255,14374465.711300,0.000000,136841233.000000
1,2,3,1.565217,1504,14284958.247300,0.000000,139543632.000000
1,2,4,1.571429,1068,15050912.949400,0.000000,144943596.000000
1,2,5,1.575758,762,15200983.077400,0.000000,145370917.000000
1,2,6,1.578947,572,14784213.435300,0.000000,145450840.000000
1,2,7,1.581395,450,16167386.964400,0.000000,145452247.000000
1,2,8,1.583333,331,16982273.655600,0.000000,148202203.000000
1,2,9,1.584906,258,16995993.895300,0.000000,149536684.000000
1,3,0,1.600000,4047,16185937.499100,0.000000,142821130.000000
1,3,1,1.625000,2177,17151585.803900,0.000000,134963886.000000
1,3,10,1.657143,112,21853467.839300,11159.000000,135662129.000000
1,3,2,1.636364,1336,17948775.642200,0.000000,135411011.000000
1,3,3,1.642857,872,18338013.884200,0.000000,135411657.000000
1,3,4,1.647059,621,19652963.045100,0.000000,135412599.000000
1,3,5,1.650000,453,19412848.516600,0.000000,132242210.000000
1,3,6,1.652174,349,21244234.813800,0.000000,143759184.000000
1,3,7,1.653846,273,20643879.622700,0.000000,149632106.000000
1,3,8,1.655172,224,20066165.754500,0.000000,140677199.000000
1,3,9,1.656250,184,18116362.788000,0.000000,135661405.000000
1,4,0,1.666667,2454,18832262.630800,0.000000,144584998.000000
1,4,1,1.684211,1362,20220220.768700,0.000000,146208376.000000
1,4,2,1.692308,892,19842423.236500,0.000000,146370510.000000
1,4,3,1.696970,586,20013030.051200,0.000000,124695713.000000
1,4,4,1.700000,407,20666304.280100,0.000000,113325695.000000
1,4,5,1.702128,291,21257657.044700,0.000000,109125356.000000
1,4,6,1.703704,225,22881245.128900,0.000000,111819631.000000
1,4,7,1.704918,155,22372613.638700,0.000000,108425151.000000
1,4,8,1.705882,130,23414157.415400,7510.000000,120304215.000000
1,4,9,1.706667,109,24707800.568800,0.000000,120310109.000000
1,5,0,1.714286,1636,20343054.435200,0.000000,145305186.000000
1,5,1,1.727273,928,21199290.012900,0.000000,145647150.000000
1,5,2,1.733333,585,21167545.287200,0.000000,141418801.000000
1,5,3,1.736842,411,20716713.187300,0.000000,114490070.000000
1,5,4,1.739130,280,20975593.742900,0.000000,118113546.000000
1,5,5,1.740741,207,19905483.087000,0.000000,110199695.000000
1,5,6,1.741935,151,22412335.741700,1190.000000,110199859.000000
1,5,7,1.742857,113,23371691.477900,0.000000,113923585.000000
1,6,0,1.750000,1084,22363370.076600,0.000000,145911143.000000
1,6,1,1.760000,582,22437169.410700,0.000000,145927028.000000
1,6,2,1.764706,378,23217460.378300,0.000000,134153091.000000
1,6,3,1.767442,268,23508686.220100,0.000000,128689618.000000
1,6,4,1.769231,198,22265344.429300,0.000000,108501666.000000
1,6,5,1.770492,136,23898612.301500,0.000000,108504580.000000
1,6,6,1.771429,107,22580844.682200,0.000000,88297456.000000
1,7,0,1.777778,735,25035218.142900,0.000000,146082322.000000
1,7,1,1.785714,414,24925013.212600,0.000000,133232739.000000
1,7,2,1.789474,295,25523616.657600,0.000000,119650272.000000
1,7,3,1.791667,214,28241856.537400,0.000000,135135065.000000
1,7,4,1.793103,163,27094964.220900,0.000000,135148055.000000
1,7,5,1.794118,114,27385752.973700,0.000000,113909849.000000
1,8,0,1.800000,520,25195896.396200,0.000000,132880776.000000
1,8,1,1.806452,309,26705904.822000,0.000000,133988658.000000
1,8,2,1.809524,189,26713696.529100,0.000000,134054129.000000
1,8,3,1.811321,148,23636406.851400,0.000000,136472950.000000
1,9,0,1.818182,475,22624285.905300,0.000000,129335131.000000
1,9,1,1.823529,288,22412839.743100,0.000000,131075054.000000
1,9,2,1.826087,193,23488099.787600,0.000000,135899160.000000
1,9,3,1.827586,144,20598427.479200,0.000000,139528472.000000
2,0,0,2.000000,7675,14837820.935600,0.000000,149196807.000000
2,0,1,2.142857,3936,16305452.061200,0.000000,148199277.000000
2,0,10,2.294118,207,18706977.975800,0.000000,126809935.000000
2,0,11,2.297297,167,18893664.209600,0.000000,110266191.000000
2,0,12,2.300000,144,17988368.256900,0.000000,110572216.000000
2,0,13,2.302326,121,17309922.090900,0.000000,112086588.000000
2,0,14,2.304348,105,18656635.695200,0.000000,113155400.000000
2,0,2,2.200000,2420,16909774.957400,0.000000,145423977.000000
2,0,3,2.230769,1575,17785089.678100,0.000000,140925583.000000
2,0,4,2.250000,1103,18151420.409800,0.000000,140543513.000000
2,0,5,2.263158,781,19257044.279100,0.000000,138706746.000000
2,0,6,2.272727,553,19397765.728800,0.000000,138063804.000000
2,0,7,2.280000,483,19483346.482400,0.000000,138064546.000000
2,0,8,2.285714,382,20339660.337700,0.000000,122860074.000000
2,0,9,2.290323,272,20065013.452200,0.000000,126454236.000000
2,1,0,2.333333,3367,18409035.854200,0.000000,148264988.000000
2,1,1,2.400000,1715,20294793.640200,0.000000,148444748.000000
2,1,2,2.428571,994,21392497.672000,0.000000,148448659.000000
2,1,3,2.444444,686,23370408.301700,0.000000,141103295.000000
2,1,4,2.454545,464,23446856.303900,0.000000,142090576.000000
2,1,5,2.461538,283,23812852.173100,0.000000,142863408.000000
2,1,6,2.466667,218,25199475.018300,0.000000,143947135.000000
2,1,7,2.470588,170,24901701.935300,0.000000,140993239.000000
2,1,8,2.473684,134,24767659.716400,0.000000,131255629.000000
2,1,9,2.476190,104,26577029.307700,0.000000,131308123.000000
2,2,0,2.500000,1887,20264046.571300,0.000000,144329931.000000
2,2,1,2.538462,1101,20553701.928200,0.000000,144336002.000000
2,2,2,2.555556,603,24188310.441100,0.000000,124161302.000000
2,2,3,2.565217,355,24792437.701400,0.000000,124338979.000000
2,2,4,2.571429,256,25482660.019500,0.000000,125097361.000000
2,2,5,2.575758,187,27320445.395700,0.000000,123827450.000000
2,2,6,2.578947,131,25102545.595400,0.000000,122629750.000000
2,3,0,2.600000,1192,21673965.893500,0.000000,144703048.000000
2,3,1,2.625000,553,25203496.399600,0.000000,145101421.000000
2,3,2,2.636364,349,25560383.057300,0.000000,145452988.000000
2,3,3,2.642857,220,27884668.109100,0.000000,145527130.000000
2,3,4,2.647059,154,28166212.337700,0.000000,145598622.000000
2,3,5,2.650000,108,25466036.750000,0.000000,125845058.000000
2,4,0,2.666667,804,22169363.136800,0.000000,144294834.000000
2,4,1,2.684211,524,20318072.612600,0.000000,144884476.000000
2,4,2,2.692308,236,28319305.711900,0.000000,140190514.000000
2,4,3,2.696970,159,27989673.836500,0.000000,143476502.000000
2,4,4,2.700000,104,28507227.721200,0.000000,129616529.000000
2,5,0,2.714286,462,27098891.493500,0.000000,147886774.000000
2,5,1,2.727273,259,26365507.637100,0.000000,149714417.000000
2,5,2,2.733333,164,24503334.512200,0.000000,131507527.000000
2,6,0,2.750000,314,28780792.643300,0.000000,130894129.000000
2,6,1,2.760000,180,27892620.133300,0.000000,130909711.000000
2,6,2,2.764706,107,29101819.953300,0.000000,138860917.000000
2,7,0,2.777778,234,29451449.029900,0.000000,146934386.000000
2,7,1,2.785714,127,27442601.590600,0.000000,147234168.000000
2,8,0,2.800000,181,32353826.591200,0.000000,131843691.000000
2,8,1,2.806452,100,29898898.800000,0.000000,116546985.000000
2,9,0,2.818182,148,32906946.486500,0.000000,140039824.000000
3,0,0,3.000000,2660,20980652.909800,0.000000,148357864.000000
3,0,1,3.142857,1414,22810713.295600,0.000000,142313329.000000
3,0,2,3.200000,819,23905413.117200,0.000000,135667062.000000
3,0,3,3.230769,568,23367734.713000,0.000000,133566742.000000
3,0,4,3.250000,361,24737333.523500,0.000000,140393163.000000
3,0,5,3.263158,260,24311291.773100,0.000000,125061598.000000
3,0,6,3.272727,200,25602778.795000,0.000000,132217145.000000
3,0,7,3.280000,150,25380560.520000,0.000000,132328812.000000
3,0,8,3.285714,118,25013529.932200,0.000000,132537867.000000
3,1,0,3.333333,1220,24555154.192600,0.000000,149107191.000000
3,1,1,3.400000,642,25520222.442400,0.000000,146519339.000000
3,1,2,3.428571,396,25787472.323200,0.000000,143773016.000000
3,1,3,3.444444,223,27154987.372200,0.000000,134947334.000000
3,1,4,3.454545,146,29979451.746600,676.000000,126542857.000000
3,1,5,3.461538,104,31435705.778800,0.000000,127691108.000000
3,2,0,3.500000,689,26496216.895500,0.000000,136828361.000000
3,2,1,3.538462,363,27732645.132200,0.000000,130594501.000000
3,2,2,3.555556,224,28495294.950900,0.000000,130679927.000000
3,2,3,3.565217,135,30899213.088900,0.000000,130819231.000000
3,3,0,3.600000,430,29517785.872100,0.000000,140776377.000000
3,3,1,3.625000,254,29403710.401600,0.000000,134356942.000000
3,3,2,3.636364,146,29369804.198600,0.000000,135375355.000000
3,4,0,3.666667,264,30184354.098500,0.000000,141741852.000000
3,4,1,3.684211,143,28763178.664300,0.000000,142216693.000000
3,5,0,3.714286,199,27426922.959800,0.000000,133547551.000000
3,5,1,3.727273,120,27401014.733300,0.000000,133553397.000000
3,6,0,3.750000,155,30520906.632300,0.000000,135620481.000000
3,7,0,3.777778,112,33312313.714300,0.000000,136825166.000000
4,0,0,4.000000,1001,24291513.075900,0.000000,144202871.000000
4,0,1,4.142857,528,26186793.422300,0.000000,144413422.000000
4,0,2,4.200000,346,27211498.320800,0.000000,144540532.000000
4,0,3,4.230769,220,30120373.950000,0.000000,145440183.000000
4,0,4,4.250000,128,31495109.046900,278.000000,145637476.000000
4,1,0,4.333333,518,26353602.751000,0.000000,144916536.000000
4,1,1,4.400000,291,26337857.274900,0.000000,145806009.000000
4,1,2,4.428571,166,25786379.644600,0.000000,146402610.000000
4,2,0,4.500000,326,28369471.947900,0.000000,131688757.000000
4,2,1,4.538462,175,25809727.074300,0.000000,126080640.000000
4,2,2,4.555556,113,25386020.238900,10760.000000,126080778.000000
4,3,0,4.600000,194,30213327.670100,0.000000,131839907.000000
4,3,1,4.625000,100,29608092.360000,1145.000000,127337364.000000
4,4,0,4.666667,122,29668158.631100,1757.000000,140893257.000000
5,0,0,5.000000,484,25751071.066100,0.000000,143906556.000000
5,0,1,5.142857,241,28417363.029000,0.000000,139351322.000000
5,0,2,5.200000,143,26468760.202800,0.000000,144524954.000000
5,1,0,5.333333,239,28603037.979100,0.000000,145200598.000000
5,1,1,5.400000,127,29300923.606300,0.000000,109886957.000000
5,2,0,5.500000,152,28043792.177600,0.000000,124051428.000000
6,0,0,6.000000,252,25114391.051600,0.000000,126984526.000000
6,0,1,6.142857,122,30479663.278700,0.000000,127022536.000000
6,1,0,6.333333,124,30737346.306500,0.000000,117414205.000000
7,0,0,7.000000,151,24582161.417200,0.000000,132510219.000000
